service_id,monday,tuesday,wednesday,thursday,friday,saturday,sunday,start_date,end_date
2001,1,1,1,1,1,0,0,20240826,20240901
2002,1,1,1,1,1,0,0,20240826,20241020
2003,1,1,1,1,1,1,1,20241202,20241208
2004,0,0,0,0,0,1,1,20241104,20241201
2005,1,1,1,1,1,0,1,20241125,20241201
2006,0,0,0,0,0,0,1,20240923,20241208
2007,0,0,0,0,1,0,0,20241104,20241201
2008,0,0,0,1,1,1,1,20241202,20241208
2009,0,0,0,0,0,1,1,20241014,20241020
2010,0,0,0,0,0,0,1,20240902,20240922
2011,0,0,0,0,1,0,0,20241028,20241103
2012,1,1,1,1,1,0,0,20240805,20240811
2013,1,1,1,0,1,0,0,20240812,20240818
2014,1,1,1,1,1,1,1,20241111,20241208
2015,1,0,0,0,0,0,0,20240902,20240908
2016,0,0,1,0,0,0,1,20241021,20241027
2017,0,0,1,0,0,0,0,20241202,20241208
2018,1,1,1,1,1,1,0,20240902,20241215
2019,1,1,0,0,0,0,0,20241014,20241020
2020,1,1,1,1,1,1,0,20240902,20241027
2021,0,0,0,0,0,1,0,20240902,20241020
2022,1,1,1,1,1,1,1,20240902,20240929
2023,1,1,1,1,1,1,1,20240805,20241117
2024,0,0,0,0,0,0,1,20240916,20240922
2025,1,1,1,1,1,0,0,20241118,20241201
2026,1,1,1,1,1,0,1,20241104,20241117
2027,1,1,1,1,1,0,0,20240805,20241006
2028,0,0,0,0,1,1,1,20240826,20240901
2029,1,0,1,0,1,0,0,20240909,20240922
2030,1,1,1,1,1,1,1,20240819,20240825
2031,1,1,1,1,0,0,0,20240805,20240818
2032,1,1,1,1,1,1,1,20240909,20241013
2033,1,1,1,1,1,1,1,20240805,20241201
2034,0,0,0,0,0,1,1,20241111,20241117
2035,0,1,0,0,0,0,0,20240819,20240825
2036,0,0,0,1,1,1,1,20240826,20240901
2037,1,0,0,0,0,1,1,20241202,20241208
2038,0,1,1,1,0,0,0,20241111,20241117
2039,1,1,1,1,0,0,0,20240923,20240929
2040,0,0,0,0,0,1,1,20240826,20240922
2041,1,1,1,1,1,0,0,20241125,20241201
2042,1,0,1,1,1,1,1,20241014,20241020
2043,1,0,0,0,0,0,1,20240909,20240915
2044,1,1,1,1,1,0,0,20240930,20241020
2045,0,0,0,1,1,0,0,20240923,20240929
2046,0,0,0,0,0,1,1,20241007,20241013
2047,1,1,1,1,1,1,1,20240930,20241110
2048,0,0,0,0,0,1,1,20240923,20240929
2049,0,0,0,1,0,0,0,20240812,20240818
2050,0,0,0,1,1,1,1,20241125,20241201
2051,1,1,1,0,0,0,0,20241125,20241201
2052,1,1,1,1,1,1,1,20241111,20241201
2053,1,1,1,1,1,1,0,20240902,20241103
2054,0,0,0,0,1,1,0,20241111,20241117
2055,1,1,1,1,1,1,0,20240826,20241013
2056,1,1,1,1,1,0,0,20240826,20241013
2057,1,1,1,1,0,0,0,20240902,20240915
2058,1,1,1,1,1,0,0,20240916,20241013
2059,1,1,1,1,1,1,1,20241007,20241027
2060,1,1,1,1,0,0,1,20241125,20241201
2061,0,0,0,0,1,1,1,20240930,20241006
2062,1,1,1,1,1,0,1,20241111,20241117
2063,1,1,1,1,1,1,1,20241014,20241124
2064,0,0,1,1,0,1,1,20241104,20241110
2065,1,1,0,0,1,1,1,20241007,20241013
2066,0,1,1,0,0,0,0,20241007,20241013
2067,0,0,0,0,0,1,1,20240826,20241006
2068,0,0,0,0,0,1,1,20250310,20250316
2069,0,0,0,0,0,1,1,20241216,20241222
2070,1,1,1,1,1,1,0,20241216,20241222
2071,0,1,1,1,1,1,0,20250421,20250427
2072,1,1,1,1,0,1,1,20250505,20250511
2073,1,1,1,1,1,0,0,20250310,20250316
2074,0,1,0,0,0,0,0,20250421,20250427
2075,1,1,1,0,0,0,0,20250414,20250420
2076,1,0,1,1,1,1,0,20241223,20250105
2077,1,1,1,1,1,0,0,20241216,20250601
2078,0,0,0,0,1,1,1,20250519,20250601
2079,0,0,1,0,0,0,1,20241230,20250105
2080,1,0,1,1,1,1,0,20241223,20241229
2081,1,1,1,1,0,0,0,20250421,20250427
2082,1,1,1,1,1,1,1,20241216,20250330
2083,0,1,1,1,1,0,0,20241223,20241229
2084,1,0,0,0,0,0,0,20250421,20250427
2085,0,1,0,0,0,0,0,20241007,20241013
2086,0,0,0,1,1,1,1,20250414,20250420
2087,1,1,1,1,1,0,0,20250224,20250302
2088,1,1,1,1,1,1,1,20241216,20250105
2089,1,0,0,0,0,0,0,20250331,20250406
2090,1,1,1,1,1,0,0,20250106,20250406
2091,1,1,1,1,1,0,1,20250407,20250413
2092,1,1,1,1,1,1,0,20250127,20250202
2093,0,0,0,0,0,1,1,20240805,20240818
2094,1,1,1,1,1,1,1,20240805,20241208
2095,0,1,1,1,0,0,0,20241028,20241103
2096,0,1,1,1,1,1,0,20241209,20241215
2097,1,1,1,1,1,0,0,20240902,20241020
2098,1,1,1,1,1,1,1,20240902,20241124
2099,0,0,0,0,0,1,1,20240902,20241020
2100,1,1,1,1,1,1,0,20240805,20240818
2101,1,1,0,1,1,1,0,20241021,20241027
2102,1,1,1,1,1,1,0,20241104,20241215
2103,0,0,0,0,1,0,0,20240805,20241027
2104,1,1,1,1,1,0,0,20241014,20241020
2105,1,1,1,1,0,0,0,20241007,20241013
2106,1,1,1,1,1,1,1,20241021,20241208
2107,0,0,0,0,0,0,1,20240805,20240818
2108,0,0,0,0,0,0,1,20241104,20241208
2109,0,0,0,0,0,1,0,20241007,20241013
2110,1,1,1,0,1,1,1,20241028,20241103
2111,1,1,1,1,0,1,1,20241104,20241201
2112,1,1,1,1,1,1,1,20241007,20241013
2113,0,0,0,0,1,0,0,20240805,20240901
2114,0,0,1,0,0,0,0,20240819,20240825
2115,1,0,0,0,0,0,0,20240826,20241215
2116,1,0,1,0,0,0,1,20240826,20240901
2117,1,0,1,0,0,1,0,20240909,20240915
2118,0,0,0,0,0,1,0,20240916,20240922
2119,1,1,1,1,1,1,0,20241104,20241117
2120,1,0,0,0,1,1,1,20240923,20241006
2121,0,0,0,1,1,1,0,20241202,20241208
2122,0,0,0,0,0,1,1,20240805,20241208
2123,1,1,1,1,0,0,0,20240902,20240922
2124,0,0,0,1,1,1,1,20240812,20240818
2125,0,0,0,1,1,1,0,20240826,20240901
2126,1,1,1,1,0,0,1,20240805,20240811
2127,0,0,0,0,0,0,1,20241014,20241201
2128,0,0,0,0,0,1,1,20241014,20241027
2129,0,0,0,0,0,1,0,20241104,20241110
2130,0,0,0,1,1,1,1,20241028,20241103
2131,0,0,0,0,0,1,1,20241104,20241110
2132,0,0,0,0,0,0,1,20241111,20241117
2133,0,0,0,0,1,1,0,20241202,20241208
2134,0,1,1,1,1,1,0,20241118,20241201
2135,1,1,1,1,0,0,0,20241118,20241201
2136,1,1,1,1,0,1,1,20240923,20241027
2137,1,1,1,1,0,0,0,20241104,20241110
2138,1,1,1,1,0,0,0,20240909,20240915
2139,1,1,1,1,1,1,1,20240916,20240922
2140,1,1,1,1,1,1,1,20240909,20240929
2141,1,1,1,1,1,1,1,20240909,20240915
2142,1,1,1,1,1,0,0,20240916,20240922
2143,0,0,1,0,0,1,1,20240923,20240929
2144,1,1,1,1,1,1,1,20240805,20240811
2145,0,1,1,1,1,0,0,20240930,20241006
2146,1,1,1,1,1,1,1,20240930,20241013
2147,0,1,1,1,1,0,0,20240916,20240922
2148,0,0,0,0,0,1,1,20240826,20240929
2149,1,1,1,1,1,0,0,20241118,20241124
2150,1,1,1,0,0,0,1,20240930,20241006
2151,0,0,1,1,1,0,0,20241118,20241124
2152,1,1,0,0,1,1,0,20241007,20241013
2153,1,1,1,1,1,1,1,20241104,20241201
2154,1,1,1,1,1,1,1,20240902,20241201
2155,0,0,0,0,1,1,0,20241125,20241201
2156,0,1,1,1,1,0,0,20241209,20241215
2157,0,0,0,0,1,0,0,20241111,20241201
2158,0,0,0,0,0,0,1,20240902,20240908
2159,1,1,0,0,1,1,1,20240812,20240818
2160,0,0,0,0,0,1,1,20240916,20240929
2161,0,0,0,0,0,0,1,20241209,20241215
2162,1,1,1,1,1,1,1,20241216,20250420
2163,0,0,0,1,1,1,1,20250428,20250504
2164,0,0,0,0,0,1,1,20250519,20250601
2165,0,0,0,0,0,1,0,20250505,20250511
2166,1,0,1,1,1,1,1,20241230,20250105
2167,1,1,1,1,1,1,1,20241216,20250511
2168,0,0,0,0,0,1,1,20250106,20250316
2169,1,1,1,0,1,1,1,20250414,20250420
2170,0,0,0,0,0,1,0,20250512,20250518
2171,0,0,0,1,0,0,0,20250526,20250601
2172,0,1,0,1,1,1,1,20241223,20241229
2173,1,0,1,1,1,0,1,20241230,20250105
2174,1,1,1,1,0,0,1,20241216,20241222
2175,1,1,0,0,0,0,1,20250428,20250504
2176,1,1,1,1,0,0,1,20250519,20250601
2177,1,1,1,1,1,1,0,20241216,20250413
2178,1,1,1,1,1,1,0,20250428,20250601
2179,0,0,0,0,0,0,1,20241209,20241222
2180,0,0,0,0,1,1,1,20250428,20250504
2181,1,1,1,1,1,0,1,20241230,20250413
2182,1,1,1,1,1,0,0,20250331,20250413
2183,0,0,0,0,0,1,1,20241230,20250413
2184,0,0,0,0,0,1,0,20250512,20250601
2185,1,0,0,0,0,1,1,20250106,20250112
2186,0,0,0,0,1,1,1,20241216,20241222
2187,1,0,0,0,1,1,1,20250421,20250427
2188,0,0,0,0,0,0,1,20250303,20250309
2189,1,1,1,1,1,1,1,20250310,20250601
2190,0,0,0,0,0,1,0,20250106,20250112
2191,0,0,0,0,1,0,1,20240826,20240901
2192,0,0,1,1,1,0,0,20240916,20240922
2193,0,0,0,0,0,0,1,20250428,20250511
2194,1,1,1,1,1,1,1,20250407,20250601
2195,1,1,1,1,1,1,0,20250331,20250406
2196,1,1,1,1,0,0,0,20250519,20250601
2197,1,1,1,1,1,0,0,20250331,20250406
2198,1,0,1,0,1,0,0,20250519,20250601
2199,1,1,1,1,1,0,0,20250519,20250525
2200,1,1,0,0,1,1,0,20241223,20241229
2201,1,1,1,1,1,1,0,20250113,20250420
2202,0,0,0,0,0,1,1,20250106,20250112
2203,0,0,0,0,0,0,1,20250127,20250202
2204,0,0,0,0,0,1,0,20241209,20241215
2205,0,1,1,1,1,0,1,20240819,20240825
2206,1,1,1,1,1,1,1,20240902,20241208
2207,0,0,0,0,0,1,0,20241125,20241201
2208,0,0,1,1,1,1,0,20240819,20240825
2209,1,1,1,1,1,1,1,20241014,20241208
2210,1,1,1,1,1,1,0,20240826,20241215
2211,1,1,1,1,1,1,1,20240805,20241124
2212,1,1,1,1,0,0,0,20241125,20241201
2213,0,0,0,0,0,0,1,20240805,20240811
2214,1,1,1,1,1,1,1,20240805,20240915
2215,1,1,1,1,1,1,1,20240923,20241208
2216,1,1,0,0,0,0,0,20241104,20241110
2217,1,1,1,1,1,1,1,20240805,20240825
2218,0,0,0,1,1,1,1,20241014,20241020
2219,0,0,0,0,1,1,0,20241028,20241103
2220,0,0,0,1,1,1,1,20241021,20241027
2221,0,0,0,0,0,1,1,20240826,20240901
2222,1,1,1,1,1,1,0,20241202,20241208
2223,1,1,1,1,1,0,0,20240923,20241020
2224,0,1,0,0,1,0,1,20240902,20240915
2225,0,0,0,0,1,0,1,20240923,20240929
2226,0,0,1,1,1,1,1,20241111,20241117
2227,1,1,1,1,1,0,0,20240902,20240922
2228,1,1,0,0,0,0,0,20241007,20241013
2229,1,1,1,1,1,1,1,20240909,20240922
2230,0,0,0,0,1,1,0,20240902,20240908
2231,0,1,1,1,0,0,0,20240923,20241006
2232,0,0,0,1,1,1,0,20240819,20240825
2233,1,1,1,1,1,1,1,20241028,20241103
2234,1,1,0,0,0,1,1,20241104,20241110
2235,1,1,1,0,0,1,0,20241111,20241117
2236,1,1,1,1,0,0,0,20241111,20241117
2237,0,0,0,0,0,0,1,20241118,20241201
2238,1,1,1,1,1,1,0,20241111,20241215
2239,0,1,0,0,0,0,0,20241014,20241020
2240,0,0,0,0,0,1,1,20240805,20240825
2241,0,0,0,1,0,1,0,20241125,20241201
2242,0,0,0,1,1,1,0,20241104,20241110
2243,0,0,0,0,1,1,1,20240909,20240915
2244,1,1,1,1,1,1,1,20240923,20240929
2245,0,0,0,0,1,1,0,20241104,20241117
2246,1,1,1,1,1,1,0,20240902,20240922
2247,1,1,0,1,1,1,1,20241202,20241208
2248,0,0,0,0,0,1,0,20241125,20241215
2249,0,1,1,1,0,0,0,20241014,20241020
2250,1,1,1,1,1,1,0,20241125,20241201
2251,0,0,0,0,1,1,1,20240902,20241020
2252,1,0,0,0,0,1,1,20240930,20241006
2253,1,1,1,1,1,0,0,20240923,20240929
2254,1,1,1,1,1,0,0,20240916,20241027
2255,0,0,0,1,1,1,1,20241007,20241013
2256,1,1,1,1,1,1,1,20241021,20241117
2257,1,1,1,1,1,1,0,20241111,20241117
2258,0,0,0,0,1,0,0,20240916,20240922
2259,0,0,1,0,0,0,0,20241007,20241013
2260,1,1,1,1,1,1,1,20240916,20240929
2261,0,0,0,0,0,0,1,20241007,20241020
2262,1,1,1,1,0,0,0,20241202,20241208
2263,1,1,1,1,1,0,1,20240805,20240825
2264,0,0,0,0,0,1,0,20241028,20241103
2265,1,1,1,1,0,0,1,20241104,20241124
2266,0,0,0,0,0,1,1,20241104,20241124
2267,0,0,0,0,0,1,0,20240819,20240825
2268,0,0,0,0,1,1,1,20241021,20241027
2269,1,0,0,1,1,1,1,20240916,20240922
2270,1,1,1,0,0,0,0,20240819,20240825
2271,1,1,1,1,1,1,0,20240902,20240908
2272,0,0,0,0,0,0,1,20240930,20241006
2273,0,0,0,0,0,1,0,20241111,20241117
2274,0,0,0,0,0,0,1,20241007,20241208
2275,0,1,1,0,0,0,0,20240902,20240908
2276,1,0,1,1,1,1,1,20241223,20241229
2277,1,0,0,0,0,0,0,20241223,20241229
2278,0,1,1,1,1,0,0,20250421,20250427
2279,1,1,1,1,1,0,1,20241216,20241222
2280,0,0,0,0,0,1,1,20250106,20250413
2281,0,0,0,0,1,1,1,20250414,20250420
2282,0,0,0,0,0,1,1,20250310,20250413
2283,1,1,1,1,1,1,1,20250106,20250601
2284,1,1,0,1,1,1,0,20241230,20250105
2285,1,1,1,1,0,1,1,20241216,20241222
2286,0,0,0,0,1,0,0,20241230,20250413
2287,0,0,0,0,1,0,0,20250505,20250511
2288,0,0,1,1,1,1,1,20241223,20241229
2289,1,1,1,0,1,0,0,20250526,20250601
2290,1,0,0,0,0,0,0,20241216,20241222
2291,0,0,1,0,1,0,0,20241230,20250105
2292,1,1,1,1,0,0,1,20250505,20250511
2293,0,0,0,0,1,0,0,20250414,20250420
2294,0,0,0,1,0,0,0,20250428,20250504
2295,1,1,1,1,1,1,1,20241216,20241229
2296,1,1,0,1,1,1,0,20240923,20240929
2297,1,0,1,1,1,0,0,20240916,20240922
2298,0,0,0,0,0,1,1,20250224,20250302
2299,0,1,1,1,1,0,0,20250331,20250406
2300,1,0,0,1,1,1,1,20240902,20240908
2301,1,1,1,1,1,1,1,20250526,20250601
2302,0,0,0,0,0,1,1,20250505,20250518
2303,1,1,1,0,0,1,1,20241230,20250105
2304,1,1,1,1,1,0,0,20250106,20250601
2305,1,1,1,1,1,1,0,20250428,20250511
2306,0,0,1,1,1,0,0,20240819,20240825
2307,0,1,1,1,1,0,0,20240902,20241020
2308,1,1,1,1,1,0,0,20240812,20240818
2309,1,1,1,1,1,0,1,20240826,20241027
2310,1,1,1,1,0,0,1,20241028,20241103
2311,1,1,1,1,1,0,1,20240826,20241020
2312,1,1,1,1,1,1,0,20240826,20241020
2313,0,0,0,0,0,1,0,20241202,20241215
2314,1,1,1,1,1,1,1,20240812,20240818
2315,1,0,1,1,1,1,0,20240819,20240825
2316,1,1,1,0,0,0,0,20241014,20241020
2317,0,0,0,0,1,1,1,20241125,20241201
2318,0,0,0,0,0,0,1,20240826,20241208
2319,0,0,0,1,1,1,1,20241104,20241110
2320,0,0,0,0,0,0,1,20240826,20241020
2321,0,0,0,0,0,1,1,20241028,20241103
2322,1,1,1,1,1,0,0,20241209,20241215
2323,0,0,0,0,0,1,1,20240930,20241006
2324,1,1,0,0,0,0,0,20241111,20241117
2325,0,0,1,0,0,1,0,20241021,20241027
2326,1,1,1,1,0,0,0,20240819,20240825
2327,0,1,1,1,1,1,1,20241007,20241013
2328,1,1,1,0,0,0,0,20241021,20241027
2329,0,0,1,1,0,0,0,20241111,20241117
2330,1,1,1,1,1,0,1,20241104,20241110
2331,1,1,1,1,1,0,1,20241118,20241201
2332,0,0,0,0,0,1,1,20240923,20241020
2333,0,1,0,0,1,0,0,20240916,20240922
2334,1,0,1,0,0,1,0,20240805,20240825
2335,1,1,1,1,0,0,0,20241118,20241124
2336,0,0,0,0,0,1,1,20241118,20241201
2337,0,1,1,1,1,1,1,20241104,20241110
2338,1,1,1,1,1,1,1,20240909,20241103
2339,0,0,1,1,1,0,0,20241007,20241013
2340,0,0,0,0,1,1,0,20240805,20240811
2341,0,0,0,0,1,1,1,20240805,20240818
2342,0,0,0,0,0,0,1,20240902,20241013
2343,1,1,1,1,1,0,0,20241014,20241027
2344,0,0,0,0,1,1,1,20241104,20241201
2345,0,0,0,1,0,0,0,20240826,20240901
2346,0,0,0,0,1,1,0,20240805,20240901
2347,1,1,1,1,1,0,0,20241104,20241110
2348,0,0,0,0,1,0,0,20241111,20241117
2349,1,0,0,0,0,0,1,20241118,20241201
2350,1,1,1,1,1,1,1,20241021,20241027
2351,0,0,0,0,1,1,0,20241014,20241020
2352,1,1,0,0,0,0,0,20240805,20240811
2353,1,1,1,1,1,1,1,20241118,20241124
2354,0,0,1,1,1,1,1,20240930,20241006
2355,0,0,0,1,0,1,1,20241104,20241110
2356,1,0,0,0,1,1,1,20241014,20241020
2357,1,1,1,1,1,1,0,20240923,20240929
2358,1,1,1,1,1,1,1,20241007,20241208
2359,0,1,1,0,0,0,0,20241202,20241208
2360,0,0,0,0,1,1,1,20240923,20240929
2361,1,1,1,1,1,0,0,20240826,20240922
2362,1,1,1,1,1,1,1,20241104,20241110
2363,0,0,0,0,0,1,0,20240902,20240908
2364,1,1,1,1,1,1,1,20240909,20241006
2365,0,0,0,0,0,1,0,20240826,20240901
2366,0,0,0,0,0,0,1,20241021,20241027
2367,0,1,1,1,1,1,1,20241202,20241208
2368,0,0,0,0,0,1,1,20241021,20241027
2369,1,1,0,1,1,1,1,20240923,20240929
2370,0,1,1,1,1,1,1,20241028,20241103
2371,1,1,1,1,0,0,0,20241014,20241020
2372,1,1,1,1,1,1,0,20241014,20241020
2373,1,0,0,0,0,0,0,20241028,20241103
2374,0,0,0,0,0,1,0,20240805,20240825
2375,1,0,0,0,0,0,0,20240812,20240818
2376,1,1,1,1,1,1,1,20241014,20241103
2377,1,1,1,1,1,1,1,20241104,20241124
2378,0,0,0,0,1,0,0,20241202,20241208
2379,0,0,0,1,1,1,0,20241209,20241215
2380,1,1,1,1,0,0,0,20241209,20241215
2381,1,1,1,1,1,1,1,20240819,20240908
2382,0,0,0,0,0,0,1,20240826,20241013
2383,0,0,0,0,0,1,1,20241111,20241201
2384,1,1,1,1,1,1,1,20240923,20241013
2385,1,1,1,1,1,1,1,20240902,20241020
2386,1,1,1,1,1,1,1,20240819,20240901
2387,1,1,1,1,1,0,0,20240916,20241020
2388,1,1,1,1,1,1,0,20241014,20241027
2389,1,1,0,0,0,0,0,20240923,20240929
2390,0,0,0,0,0,1,1,20240805,20241110
2391,0,0,1,1,0,0,0,20240812,20240818
2392,1,1,1,1,1,0,0,20250505,20250511
2393,1,1,1,1,1,1,1,20241216,20250309
2394,1,1,1,1,1,0,0,20250310,20250413
2395,0,1,1,1,1,1,1,20241223,20241229
2396,1,0,1,1,1,1,1,20241223,20250105
2397,1,1,0,0,0,0,0,20241223,20241229
2398,1,1,1,1,1,0,0,20250414,20250420
2399,0,0,1,0,0,1,0,20241230,20250105
2400,1,0,0,0,0,0,1,20250421,20250427
2401,1,1,1,1,0,1,1,20241230,20250413
2402,1,1,0,1,1,1,1,20250428,20250504
2403,0,0,0,0,1,0,0,20241216,20241222
2404,0,0,0,0,1,0,0,20250421,20250427
2405,1,1,1,1,0,0,1,20250421,20250427
2406,0,0,0,0,0,1,1,20250512,20250518
2407,0,0,0,1,1,1,1,20241223,20241229
2408,1,1,1,1,1,0,0,20250505,20250601
2409,0,0,1,0,0,0,0,20241223,20241229
2410,1,1,1,1,1,1,1,20250203,20250223
2411,0,1,1,1,1,0,1,20241028,20241103
2412,1,1,1,1,1,1,1,20250113,20250202
2413,0,0,0,0,0,0,1,20250106,20250112
2414,1,1,0,0,1,0,0,20241223,20241229
2415,1,1,1,1,1,0,0,20250113,20250420
2416,0,0,0,0,0,1,1,20250519,20250525
2417,1,1,1,1,1,1,1,20241216,20250413
2418,0,0,0,0,1,1,0,20250519,20250601
2419,1,1,0,1,1,0,0,20241223,20250105
2420,0,0,0,0,0,1,1,20241216,20250601
2421,0,0,0,0,0,0,1,20250113,20250420
2422,1,1,1,1,1,0,0,20240805,20240818
2423,0,0,0,0,0,1,1,20240826,20241020
2424,0,0,1,0,0,1,1,20241021,20241027
2425,1,1,0,1,1,0,0,20241021,20241027
2426,1,1,1,1,0,0,0,20241028,20241103
2427,1,1,1,1,1,0,0,20241104,20241201
2428,1,1,1,1,1,0,1,20241104,20241201
2429,0,0,0,0,0,0,1,20241202,20241208
2430,1,1,1,1,1,1,1,20240902,20241103
2431,1,1,1,1,1,1,1,20240805,20241103
2432,1,1,1,0,0,0,0,20241202,20241208
2433,1,1,1,1,1,1,0,20240805,20240811
2434,0,0,0,0,0,1,1,20240819,20241027
2435,1,1,1,1,1,0,0,20240819,20241027
2436,0,0,1,1,1,0,0,20241104,20241110
2437,1,1,1,1,1,1,1,20241021,20241103
2438,1,1,0,0,0,0,1,20240819,20240825
2439,1,1,1,1,1,0,1,20241202,20241208
2440,1,1,1,1,1,1,1,20240805,20241013
2441,1,1,1,1,1,0,1,20240902,20241020
2442,1,1,1,1,1,1,1,20240930,20241006
2443,1,1,1,1,1,1,1,20240805,20240818
2444,1,1,1,1,1,1,1,20241014,20241020
2445,1,1,1,1,1,1,1,20241028,20241110
2446,1,1,1,1,1,1,1,20240805,20241027
2447,1,1,1,1,1,1,1,20241125,20241208
2448,0,0,1,1,0,0,0,20241209,20241215
2449,1,1,0,0,1,0,1,20241111,20241117
2450,1,0,0,0,0,1,0,20240819,20240825
2451,1,1,1,1,1,1,1,20240805,20240922
2452,0,0,0,0,1,1,1,20240902,20240922
2453,0,0,1,0,0,1,0,20240902,20240908
2454,1,0,1,0,0,0,0,20240923,20240929
2455,0,0,1,1,1,1,1,20241104,20241110
2456,1,1,1,1,1,1,1,20240805,20241110
2457,0,1,1,1,1,0,0,20241118,20241124
2458,1,0,0,0,0,1,0,20241118,20241124
2459,1,1,1,1,1,1,1,20241118,20241201
2460,1,1,1,1,1,0,0,20241007,20241020
2461,0,0,1,1,1,0,0,20240930,20241006
2462,1,1,1,1,1,1,1,20241007,20241103
2463,1,1,1,1,1,0,0,20240902,20240929
2464,1,1,0,0,0,0,0,20240930,20241006
2465,0,0,0,1,1,1,0,20240805,20240811
2466,1,1,1,1,1,1,0,20240819,20240825
2467,0,1,1,1,0,0,1,20240819,20240825
2468,1,1,1,1,0,0,1,20240826,20240901
2469,1,0,0,0,1,0,0,20240923,20240929
2470,0,0,0,0,0,0,1,20240826,20241027
2471,1,0,1,0,1,0,0,20240909,20240929
2472,1,1,1,1,1,1,0,20241104,20241110
2473,0,0,0,0,0,1,1,20241202,20241208
2474,1,1,0,0,0,0,1,20241104,20241110
2475,1,1,1,1,1,0,0,20240819,20240825
2476,0,0,0,0,0,1,1,20241104,20241117
2477,0,0,0,0,1,1,1,20241104,20241117
2478,1,1,1,1,0,0,0,20241104,20241117
2479,1,1,1,1,1,1,1,20240902,20241027
2480,0,0,1,1,1,1,0,20241111,20241117
2481,1,0,0,0,0,0,1,20241111,20241117
2482,0,0,0,0,1,0,0,20241118,20241201
2483,1,1,1,1,1,1,0,20240826,20241103
2484,0,0,1,1,1,1,0,20241104,20241110
2485,0,0,0,0,1,0,0,20241104,20241110
2486,1,1,0,0,0,0,0,20241104,20241117
2487,1,1,1,1,0,0,1,20240826,20240922
2488,0,0,0,0,1,1,0,20240826,20240929
2489,0,1,0,0,0,0,0,20241209,20241215
2490,1,1,1,1,0,1,1,20240805,20240922
2491,0,1,1,1,0,0,0,20240930,20241006
2492,1,1,0,0,0,0,0,20240916,20240922
2493,1,1,1,1,0,0,1,20240826,20240908
2494,1,1,1,1,0,0,1,20240916,20240922
2495,0,0,0,0,1,0,0,20240805,20240922
2496,1,1,1,0,0,0,1,20241104,20241110
2497,1,0,0,0,0,0,0,20241111,20241117
2498,1,1,1,1,1,1,1,20240902,20240908
2499,1,0,0,0,0,0,0,20240923,20240929
2500,0,0,1,1,1,1,1,20240909,20240915
2501,0,1,1,1,1,1,1,20240930,20241006
2502,0,0,0,0,0,0,1,20241014,20241020
2503,0,0,0,0,0,0,1,20241014,20241103
2504,1,1,1,1,1,0,0,20240902,20241027
2505,1,1,1,1,1,1,1,20240930,20241020
2506,1,1,1,1,1,0,0,20241021,20241027
2507,1,1,1,1,1,1,1,20241111,20241124
2508,1,0,0,0,0,0,0,20241125,20241201
2509,1,1,1,1,0,0,0,20240916,20240922
2510,0,0,1,1,0,0,0,20241202,20241208
2511,1,1,1,1,1,1,0,20240826,20241027
2512,0,0,0,1,1,1,0,20240930,20241006
2513,0,0,0,0,0,0,1,20241028,20241103
2514,0,1,1,0,0,0,0,20240916,20240922
2515,1,1,1,1,1,1,1,20240923,20241201
2516,1,1,1,1,1,0,0,20240923,20241006
2517,0,0,0,0,1,1,1,20241202,20241208
2518,1,1,1,1,1,1,0,20240923,20241020
2519,1,1,1,1,0,0,0,20241021,20241027
2520,1,1,1,1,0,1,1,20240902,20241027
2521,0,0,0,1,1,1,1,20240819,20240825
2522,0,0,0,0,1,1,0,20240923,20240929
2523,1,1,1,0,0,0,0,20240923,20240929
2524,0,1,1,1,1,1,1,20241014,20241020
2525,1,1,1,1,1,0,0,20250519,20250601
2526,1,1,0,1,1,0,0,20241230,20250105
2527,1,1,1,0,0,0,0,20250428,20250504
2528,1,1,1,1,1,1,0,20250512,20250518
2529,1,1,0,1,1,0,1,20241230,20250105
2530,1,1,1,0,0,0,1,20250428,20250504
2531,1,1,1,1,1,0,1,20250519,20250601
2532,0,0,0,0,0,1,1,20250505,20250511
2533,1,1,1,1,1,1,0,20250106,20250413
2534,1,1,1,1,0,0,0,20250428,20250504
2535,0,0,0,0,0,1,0,20241216,20241222
2536,1,0,0,0,1,1,1,20241223,20241229
2537,0,0,0,0,0,0,1,20250428,20250601
2538,1,0,0,0,0,0,0,20250106,20250112
2539,1,0,0,0,0,0,0,20241230,20250420
2540,1,1,0,1,0,0,1,20241230,20250105
2541,1,1,1,1,0,0,1,20250106,20250413
2542,1,1,1,1,1,1,1,20250512,20250601
2543,0,0,0,0,0,1,1,20250106,20250309
2544,1,1,1,1,1,1,0,20250505,20250518
2545,1,1,1,1,1,1,1,20250331,20250601
2546,1,1,1,1,1,1,1,20241216,20250525
2547,0,0,0,0,0,1,1,20250414,20250420
2548,0,0,1,1,1,1,0,20241223,20241229
2549,0,0,0,0,0,1,1,20250505,20250525
2550,0,0,1,1,1,1,0,20240930,20241006
2551,1,1,1,1,1,0,0,20250106,20250112
2552,1,1,1,1,1,0,0,20250106,20250330
2553,1,1,1,1,1,0,0,20240805,20240915
2554,0,0,1,0,1,1,1,20241230,20250105
2555,1,1,1,1,1,0,0,20250512,20250518
2556,1,1,1,1,1,0,1,20250106,20250330
2557,0,0,0,0,0,1,1,20250113,20250413
2558,1,1,1,1,1,1,1,20250106,20250413
2559,1,1,1,1,1,1,1,20250106,20250126
2560,1,1,1,1,1,1,1,20250203,20250601
2561,0,1,1,1,1,1,1,20241104,20241208
2562,0,0,0,0,0,1,1,20241104,20241208
2563,1,1,0,1,1,0,1,20241021,20241027
2564,1,1,1,1,1,0,0,20241028,20241103
2565,0,0,0,1,0,0,0,20241028,20241103
2566,1,1,1,1,1,1,1,20240902,20241013
2567,0,0,0,1,1,0,0,20240916,20240922
2568,0,0,0,0,0,1,0,20241104,20241201
2569,1,1,1,0,0,1,1,20240916,20240922
2570,1,1,1,1,1,0,0,20241111,20241201
2571,1,1,1,1,1,0,1,20240826,20240901
2572,1,1,1,1,1,1,0,20240826,20240901
2573,0,0,1,1,1,0,0,20241014,20241020
2574,1,1,0,1,1,1,0,20241202,20241208
2575,1,1,0,0,0,1,1,20241014,20241020
2576,1,1,1,1,0,0,1,20240902,20241027
2577,1,1,1,1,1,1,1,20240826,20241208
2578,1,1,1,1,1,1,1,20241111,20241117
2579,1,1,1,0,0,0,0,20241111,20241117
2580,0,0,0,0,1,1,0,20240902,20240922
2581,0,0,0,0,0,1,1,20240902,20240922
2582,0,1,0,0,1,0,1,20240805,20240825
2583,0,1,0,0,1,0,0,20240826,20240901
2584,1,0,1,0,0,0,0,20240916,20240922
2585,0,0,0,0,0,1,0,20240923,20240929
2586,1,0,0,0,0,0,0,20240930,20241006
2587,0,0,0,1,1,1,1,20241111,20241117
2588,1,1,1,1,1,0,0,20241014,20241215
2589,1,1,1,1,0,0,0,20240812,20240818
2590,0,0,0,0,1,1,1,20240812,20240818
2591,1,0,0,0,1,1,0,20240819,20240825
2592,0,0,1,0,0,0,0,20240923,20240929
2593,1,1,1,1,0,0,0,20240826,20240901
2594,0,0,0,0,0,1,0,20240930,20241006
2595,1,1,1,1,1,0,0,20241104,20241124
2596,0,0,0,0,1,1,1,20240826,20241020
2597,0,0,1,0,1,1,1,20241021,20241027
2598,1,1,1,1,1,0,0,20241104,20241117
2599,1,1,0,0,1,1,1,20241111,20241117
2600,0,0,0,0,1,1,1,20241111,20241117
2601,0,0,0,0,0,1,1,20241125,20241201
2602,0,0,0,1,1,0,0,20241202,20241208
2603,1,1,1,1,1,1,0,20241021,20241027
2604,1,1,1,1,0,1,1,20241111,20241201
2605,1,1,1,1,0,1,1,20241111,20241117
2606,0,0,1,1,1,1,1,20240916,20240922
2607,1,1,1,1,1,1,1,20240923,20241124
2608,1,1,1,1,0,0,1,20241104,20241117
2609,0,0,0,0,1,0,0,20241125,20241201
2610,0,0,1,1,0,0,0,20241007,20241013
2611,0,0,0,0,0,1,1,20240916,20240922
2612,1,1,1,1,1,1,1,20240819,20240929
2613,1,0,1,1,1,1,1,20240923,20240929
2614,1,0,1,1,1,0,0,20240923,20240929
2615,0,0,0,0,0,1,0,20241014,20241020
2616,1,1,1,1,1,1,1,20240923,20241006
2617,0,1,1,1,1,1,1,20241125,20241201
2618,1,0,1,1,1,0,0,20241014,20241020
2619,1,0,0,1,1,1,0,20241209,20241215
2620,1,1,1,1,1,1,0,20241007,20241027
2621,0,1,1,1,1,0,0,20241021,20241027
2622,1,1,1,1,1,0,1,20241028,20241103
2623,0,0,0,0,1,1,0,20241209,20241215
2624,0,1,1,1,1,1,1,20240923,20240929
2625,1,0,0,0,0,1,0,20241209,20241215
2626,0,0,0,0,0,0,1,20240902,20241103
2627,1,1,1,1,0,0,0,20240826,20240908
2628,1,1,1,1,0,0,1,20240923,20240929
2629,1,1,1,1,1,0,1,20240916,20240922
2630,1,0,0,0,0,0,0,20241014,20241020
2631,0,0,0,0,1,1,1,20240902,20240915
2632,1,1,1,1,1,1,1,20241014,20241110
2633,1,1,1,1,1,1,1,20241216,20250601
2634,1,1,1,1,1,1,1,20250317,20250601
2635,1,1,1,1,1,1,1,20241230,20250420
2636,1,1,1,1,1,0,0,20241216,20241222
2637,1,1,1,1,0,0,0,20250414,20250420
2638,1,1,1,1,1,0,1,20250421,20250427
2639,0,0,0,0,0,0,1,20250512,20250518
2640,1,1,1,1,1,1,0,20250505,20250601
2641,0,0,0,0,0,1,0,20250519,20250601
2642,1,1,0,1,1,1,1,20241223,20250105
2643,1,1,1,1,0,1,1,20250421,20250427
2644,1,1,1,1,1,0,1,20250512,20250518
2645,0,0,1,0,0,0,0,20250428,20250504
2646,0,1,1,1,1,0,0,20250106,20250112
2647,0,1,0,0,1,1,1,20241223,20241229
2648,0,1,0,0,0,1,0,20241230,20250105
2649,0,0,0,0,1,0,0,20250106,20250413
2650,0,0,0,0,0,0,1,20241223,20241229
2651,0,0,0,0,1,1,1,20250324,20250330
2652,0,1,0,0,0,0,0,20241223,20250105
2653,1,0,0,1,1,0,1,20241230,20250105
2654,0,0,0,0,0,1,1,20250331,20250413
2655,0,0,0,0,0,0,1,20250106,20250413
2656,1,1,1,1,1,1,1,20250106,20250511
2657,1,0,0,0,0,0,0,20240916,20240922
2658,1,1,1,1,1,1,0,20250303,20250309
2659,1,1,1,1,1,0,0,20250407,20250413
2660,0,1,1,1,1,1,1,20250331,20250406
2661,0,0,0,0,0,1,1,20250512,20250601
2662,0,0,0,0,0,0,1,20250331,20250413
2663,1,0,0,0,0,0,1,20250106,20250112
2664,0,0,1,0,0,0,0,20241223,20250105
2665,1,1,0,0,0,1,1,20240819,20240825
2666,0,0,0,0,1,1,1,20241028,20241103
2667,1,1,1,1,1,1,0,20241209,20241215
2668,1,1,1,1,1,1,1,20241104,20241208
2669,0,1,0,1,1,0,0,20241021,20241027
2670,1,1,1,1,1,1,0,20241202,20241215
2671,1,1,1,1,1,1,1,20240902,20240922
2672,0,0,0,0,0,0,1,20240902,20241208
2673,0,0,0,0,0,1,0,20240805,20241027
2674,0,0,0,0,1,1,1,20241007,20241013
2675,0,0,0,0,0,1,1,20240805,20240811
2676,0,0,0,1,0,1,1,20240812,20240818
2677,0,1,0,0,0,0,1,20240819,20240825
2678,0,0,0,1,0,0,0,20241202,20241208
2679,0,0,0,0,0,1,1,20240902,20240908
2680,1,1,1,1,0,1,1,20240805,20241027
2681,0,0,0,0,0,0,1,20241111,20241208
2682,0,0,1,0,0,0,0,20241021,20241027
2683,1,1,1,0,0,0,1,20241028,20241103
2684,1,1,1,1,0,0,1,20241104,20241201
2685,0,0,0,0,1,0,0,20240902,20241027
2686,1,0,0,0,0,0,0,20241007,20241013
2687,1,0,0,0,0,0,0,20240805,20240818
2688,0,0,1,1,1,1,1,20241118,20241124
2689,0,0,0,0,0,1,0,20240805,20240811
2690,1,1,1,1,1,1,1,20240923,20241103
2691,0,1,0,0,0,0,0,20240923,20240929
2692,1,0,0,0,0,0,0,20241104,20241110
2693,1,0,0,0,0,1,1,20241111,20241117
2694,0,0,0,0,1,0,1,20241118,20241124
2695,1,1,1,1,1,1,0,20241125,20241215
2696,0,0,1,1,1,1,1,20241007,20241013
2697,1,1,0,0,0,0,0,20240826,20240901
2698,0,0,1,1,0,0,0,20240826,20240901
2699,0,0,0,0,0,0,1,20240826,20240901
2700,1,1,1,1,1,1,1,20240923,20241117
2701,0,0,0,0,1,1,0,20240826,20240901
2702,1,1,0,0,1,1,1,20240819,20240825
2703,1,1,1,1,1,0,0,20241111,20241117
2704,1,1,0,0,0,0,1,20241202,20241208
2705,1,1,1,1,0,1,1,20241104,20241110
2706,0,0,0,0,1,1,1,20241014,20241020
2707,0,0,0,0,1,0,0,20241014,20241020
2708,1,1,1,1,1,1,0,20241028,20241103
2709,1,1,1,1,1,1,1,20240930,20241208
2710,1,1,1,1,1,0,0,20240805,20241215
2711,1,1,1,1,1,0,0,20240826,20240929
2712,0,1,1,1,1,1,0,20241007,20241013
2713,1,0,0,0,0,0,1,20241007,20241013
2714,1,0,0,0,1,0,1,20241202,20241208
2715,1,1,1,1,1,1,0,20240923,20241103
2716,1,1,1,1,1,1,1,20240805,20240908
2717,1,1,1,1,1,0,0,20240909,20240915
2718,0,0,1,1,0,0,0,20240819,20240825
2719,0,0,1,1,1,1,1,20240902,20240908
2720,1,0,0,0,1,1,1,20240930,20241006
2721,0,1,1,1,1,1,0,20241111,20241117
2722,1,1,1,1,1,1,1,20240916,20241208
2723,1,1,1,0,0,0,0,20241007,20241013
2724,1,1,1,1,1,1,1,20241021,20241110
2725,1,1,0,0,0,1,0,20241202,20241208
2726,0,0,1,1,1,0,0,20241202,20241208
2727,0,0,0,0,1,1,1,20241104,20241110
2728,0,1,1,1,1,1,0,20241202,20241208
2729,0,0,0,1,0,0,0,20241111,20241117
2730,1,1,1,1,1,1,1,20240902,20241006
2731,1,0,1,1,1,1,0,20240923,20240929
2732,1,0,0,0,1,1,1,20241202,20241208
2733,0,1,1,1,1,0,0,20240812,20240818
2734,0,0,0,0,1,0,0,20241021,20241027
2735,1,0,0,0,0,0,1,20241202,20241208
2736,0,0,0,0,0,0,1,20241125,20241208
2737,0,1,0,0,0,0,0,20240930,20241006
2738,1,1,1,1,1,1,1,20241028,20241124
2739,0,0,0,0,0,1,0,20241111,20241201
2740,0,0,0,0,0,1,1,20241118,20241208
2741,1,1,1,1,1,1,1,20241216,20241222
2742,1,1,0,1,1,1,1,20241223,20241229
2743,1,1,1,1,1,1,1,20241230,20250601
2744,1,1,1,0,0,0,0,20250421,20250427
2745,1,1,1,1,1,0,0,20250106,20250413
2746,1,0,0,0,0,0,1,20241223,20241229
2747,1,1,1,1,1,0,1,20250505,20250511
2748,0,0,1,0,0,1,1,20241230,20250105
2749,1,0,0,0,0,1,1,20250421,20250427
2750,0,0,0,1,1,0,0,20241230,20250105
2751,0,1,1,1,1,1,0,20241223,20241229
2752,0,0,0,0,0,0,1,20241209,20250413
2753,1,1,1,1,0,1,1,20250519,20250601
2754,0,1,0,0,0,0,0,20241223,20241229
2755,1,1,1,1,1,0,0,20250505,20250525
2756,1,1,1,1,1,1,1,20250414,20250420
2757,0,1,0,0,1,0,0,20241223,20241229
2758,0,0,0,0,1,0,0,20250428,20250504
2759,1,1,1,1,1,1,0,20250526,20250601
2760,0,1,0,0,0,0,1,20241223,20241229
2761,1,1,1,0,0,0,0,20241230,20250105
2762,0,0,0,1,1,0,0,20250428,20250504
2763,0,0,0,0,1,1,1,20250106,20250413
2764,0,0,0,0,1,1,0,20250512,20250601
2765,0,0,0,0,0,0,1,20250512,20250601
2766,0,0,0,0,0,0,1,20250331,20250406
2767,1,1,1,1,1,1,1,20241223,20250105
2768,1,1,1,1,1,0,0,20250317,20250413
2769,0,1,1,1,1,1,0,20250106,20250112
2770,1,1,1,1,1,1,1,20240805,20240901
2771,1,1,1,1,1,0,1,20240805,20240811
2772,1,1,1,1,1,1,1,20240805,20241006
2773,1,1,1,1,1,0,1,20241007,20241013
2774,1,1,1,1,1,1,1,20241021,20241201
2775,1,1,1,1,1,0,0,20241104,20241215
2776,1,1,1,0,0,0,0,20241104,20241110
2777,0,0,0,1,1,0,0,20241104,20241110
2778,0,0,0,0,0,0,1,20240826,20241103
2779,0,0,0,0,0,0,1,20241104,20241110
2780,1,1,1,1,1,1,1,20240805,20240929
2781,1,1,1,1,1,0,0,20240930,20241006
2782,1,1,1,1,0,1,1,20240805,20240901
2783,0,0,0,0,1,1,1,20240819,20240825
2784,1,1,1,1,1,1,1,20241118,20241208
2785,1,1,1,1,1,1,1,20241028,20241208
2786,1,1,0,0,1,1,0,20241209,20241215
2787,1,1,0,0,0,0,0,20241118,20241124
2788,0,0,0,0,0,1,1,20240812,20240818
2789,0,0,0,0,0,1,0,20240826,20241027
2790,0,1,1,1,1,0,0,20241111,20241117
2791,0,1,1,1,1,1,1,20240902,20240908
2792,0,0,0,0,1,0,0,20240819,20240825
2793,0,0,0,0,0,1,1,20240819,20240825
2794,1,1,1,1,0,0,1,20240902,20240908
2795,1,1,1,1,0,0,1,20241118,20241124
2796,0,0,0,0,1,1,0,20241118,20241124
2797,0,0,0,0,0,1,0,20240826,20241020
2798,1,1,1,1,1,1,1,20240909,20241208
2799,1,1,1,1,1,0,0,20240902,20240908
2800,0,0,0,0,0,0,1,20240819,20240825
2801,0,0,0,0,0,1,1,20240902,20241013
2802,0,0,0,0,0,1,1,20241118,20241124
2803,1,1,1,1,1,1,0,20241118,20241215
2804,0,0,0,1,1,0,0,20241111,20241117
2805,1,1,1,0,0,0,0,20240826,20240901
2806,1,1,0,0,0,0,1,20241111,20241117
2807,0,0,0,0,0,0,1,20241014,20241027
2808,0,0,0,0,0,0,1,20240923,20240929
2809,1,1,0,0,0,0,0,20240819,20240825
2810,1,1,0,0,0,0,0,20240909,20240915
2811,0,1,1,1,0,0,0,20240923,20240929
2812,0,0,0,0,1,0,0,20240923,20241027
2813,0,0,0,0,0,1,1,20240909,20240915
2814,1,1,0,0,0,1,1,20240930,20241006
2815,1,1,1,0,1,1,1,20241202,20241208
2816,1,1,0,0,0,0,0,20240902,20240908
2817,0,0,0,0,0,0,1,20241125,20241201
2818,0,0,0,1,0,0,0,20240923,20240929
2819,1,1,1,1,1,0,0,20241007,20241013
2820,1,1,1,1,1,0,1,20240902,20240908
2821,1,1,1,1,1,1,1,20240902,20240915
2822,1,1,1,1,1,0,0,20240819,20240908
2823,0,0,1,1,1,0,0,20240909,20240915
2824,1,0,0,0,0,1,1,20240916,20240922
2825,1,0,0,0,0,0,0,20241202,20241208
2826,0,0,0,1,0,0,0,20241007,20241013
2827,0,1,1,0,0,0,0,20241209,20241215
2828,1,1,1,1,1,1,1,20240916,20241013
2829,0,0,0,0,0,0,1,20241007,20241027
2830,0,1,1,1,1,1,1,20240909,20240915
2831,1,0,0,0,0,0,0,20240909,20240915
2832,1,0,0,0,0,1,1,20241021,20241027
2833,0,1,1,1,0,0,0,20241202,20241208
2834,1,1,1,1,0,0,0,20240930,20241006
2835,0,0,0,0,0,0,1,20241007,20241013
2836,1,1,1,1,1,1,0,20241007,20241013
2837,1,1,1,1,1,0,0,20240826,20240908
2838,0,1,1,1,0,0,0,20241021,20241027
2839,1,0,0,0,0,0,0,20241021,20241027
2840,1,1,1,1,0,0,1,20241111,20241117
2841,1,1,1,1,1,0,0,20241202,20241208
2842,1,1,1,0,0,0,0,20241209,20241215
2843,0,0,1,1,1,1,1,20241014,20241020
2844,0,0,0,0,0,0,1,20240923,20241006
2845,0,0,1,1,1,1,1,20250428,20250504
2846,1,1,1,1,1,1,1,20250505,20250601
2847,1,1,1,1,1,0,1,20250106,20250413
2848,1,1,1,1,1,1,1,20250512,20250518
2849,0,0,0,0,0,1,0,20250106,20250413
2850,0,0,0,0,0,1,0,20250421,20250427
2851,0,0,0,1,1,1,0,20250428,20250504
2852,0,0,0,1,0,0,0,20250414,20250420
2853,0,0,0,0,1,0,0,20250519,20250601
2854,1,1,1,1,1,0,0,20250113,20250413
2855,0,0,0,0,0,0,1,20250505,20250518
2856,1,0,0,0,0,0,0,20250428,20250601
2857,0,0,0,0,0,0,1,20241230,20250413
2858,1,1,1,1,1,1,0,20241230,20250413
2859,0,0,0,0,0,1,0,20241230,20250413
2860,0,0,0,0,0,0,1,20250526,20250601
2861,0,0,0,0,0,0,1,20250505,20250601
2862,0,0,1,1,0,1,1,20241223,20241229
2863,0,0,0,0,0,1,1,20250113,20250420
2864,0,0,0,1,0,1,1,20250428,20250504
2865,0,0,0,1,0,1,1,20250526,20250601
2866,0,1,0,0,0,1,1,20240916,20240922
2867,0,0,0,0,1,1,1,20250505,20250511
2868,0,0,0,0,1,1,0,20241007,20241013
2869,0,0,0,0,0,1,1,20250106,20250330
2870,1,1,0,0,1,1,1,20241223,20241229
2871,1,1,1,0,1,0,0,20250428,20250504
2872,1,1,1,1,1,1,1,20241230,20250330
2873,1,1,1,1,1,0,0,20250505,20250518
2874,1,1,1,1,0,1,1,20250106,20250413
2875,0,0,1,1,0,0,1,20241223,20241229
2876,1,1,1,1,1,1,0,20250512,20250601
